[gd_scene load_steps=12 format=3 uid="uid://bnt75uqnxsmw4"]

[ext_resource type="ArrayMesh" path="res://assets/meshes/player_mesh.tres" id="1"]

[sub_resource type="Skin" id="1"]
resource_name = "Skin"
bind_count = 42
bind/0/name = &"pelvis"
bind/0/bone = -1
bind/0/pose = Transform3D(1, -7.6669e-09, -2.38295e-07, -7.99361e-15, 0.999483, -0.0321574, 2.38419e-07, 0.0321573, 0.999483, -1.75813e-08, -0.773882, 0.0737412)
bind/1/name = &"chest"
bind/1/bone = -1
bind/1/pose = Transform3D(1, -2.08949e-08, -2.37501e-07, -5.32907e-15, 0.996152, -0.0876396, 2.38419e-07, 0.0876396, 0.996152, -3.53868e-09, -1.0605, 0.0148423)
bind/2/name = &"shoulder"
bind/2/bone = -1
bind/2/pose = Transform3D(1, 5.5865e-08, -2.31781e-07, 0, 0.972161, 0.234315, 2.38419e-07, -0.234315, 0.972161, -1.0017e-07, -1.20336, 0.420143)
bind/3/name = &"neck"
bind/3/bone = -1
bind/3/pose = Transform3D(1, 2.84513e-08, -2.36715e-07, 3.55271e-15, 0.992854, 0.119333, 2.38419e-07, -0.119334, 0.992854, -6.10029e-08, -1.42353, 0.255865)
bind/4/name = &"head"
bind/4/bone = -1
bind/4/pose = Transform3D(1, 2.47284e-08, -2.37133e-07, 3.55271e-15, 0.994607, 0.103719, 2.38419e-07, -0.103719, 0.994607, -5.52097e-08, -1.54826, 0.231566)
bind/5/name = &"hat"
bind/5/bone = -1
bind/5/pose = Transform3D(1, 4.86467e-09, -2.38369e-07, 1.77636e-15, 0.999792, 0.0204039, 2.38419e-07, -0.0204039, 0.999792, -1.45359e-08, -2.32862, 0.0609679)
bind/6/name = &"Bone.019"
bind/6/bone = -1
bind/6/pose = Transform3D(1, 1.50996e-07, 1.12501e-15, 5.64292e-14, 9.68576e-08, 1, 1.50996e-07, -1, -7.45058e-09, -3.10836e-07, 0.0181518, 2.05857)
bind/7/name = &"eyebrow.r"
bind/7/bone = -1
bind/7/pose = Transform3D(0.814244, 0.0660129, 0.576757, -0.580461, 0.0780985, 0.810535, 0.00846186, -0.994758, 0.101909, -0.270145, -0.349441, 2.02406)
bind/8/name = &"eyebrow.l"
bind/8/bone = -1
bind/8/pose = Transform3D(0.814245, -0.0660129, -0.576757, 0.580461, 0.0780985, 0.810535, -0.00846186, -0.994758, 0.101909, 0.270145, -0.349441, 2.02406)
bind/9/name = &"Arm1.r"
bind/9/bone = -1
bind/9/pose = Transform3D(-0.0392228, 0.994579, -0.0963038, -0.992471, -0.0275848, 0.119335, 0.116031, 0.100259, 0.988173, -1.31431, -0.104805, -0.0150243)
bind/10/name = &"arm2.r"
bind/10/bone = -1
bind/10/pose = Transform3D(-0.0602385, 0.994332, -0.0876121, -0.985148, -0.0450838, 0.165682, 0.160793, 0.0962913, 0.98228, -1.31901, -0.197488, 0.00192347)
bind/11/name = &"arm3.r"
bind/11/bone = -1
bind/11/pose = Transform3D(-0.121859, 0.991457, -0.0465058, -0.984656, -0.114861, 0.131377, 0.124913, 0.0618017, 0.990241, -1.34124, -0.294288, 0.0305876)
bind/12/name = &"hand.r"
bind/12/bone = -1
bind/12/pose = Transform3D(-0.0944261, 0.992989, -0.0711121, -0.800332, -0.0332353, 0.598635, 0.592074, 0.11344, 0.797859, -1.32549, -0.477031, 0.272167)
bind/13/name = &"finger1.r"
bind/13/bone = -1
bind/13/pose = Transform3D(0.168579, 0.968649, -0.182483, -0.805603, 0.242073, 0.540745, 0.567967, 0.0558504, 0.821154, -1.10733, -0.881689, 0.327936)
bind/14/name = &"finger2.r"
bind/14/bone = -1
bind/14/pose = Transform3D(-0.127334, 0.98141, -0.143596, -0.964003, -0.0883838, 0.250772, 0.233418, 0.170358, 0.957337, -1.35357, -0.6408, -0.0834179)
bind/15/name = &"finger3.r"
bind/15/bone = -1
bind/15/pose = Transform3D(-0.532015, 0.846368, -0.0249056, -0.815567, -0.504303, 0.283779, 0.227621, 0.171287, 0.958566, -1.52654, -0.0542555, -0.0895302)
bind/16/name = &"shield"
bind/16/bone = -1
bind/16/pose = Transform3D(0.978655, 0.0998634, -0.179618, -0.101514, 0.994834, 4.84288e-08, 0.17869, 0.0182337, 0.983737, 0.661242, -1.28236, 0.0657039)
bind/17/name = &"thumb1.r"
bind/17/bone = -1
bind/17/pose = Transform3D(-0.819491, 0.390596, 0.419367, 0.166849, -0.537452, 0.826624, 0.548266, 0.747382, 0.375267, -1.07918, 0.795311, -0.560311)
bind/18/name = &"thumb2.r"
bind/18/bone = -1
bind/18/pose = Transform3D(-0.644802, 0.593857, 0.481211, -0.430459, -0.802373, 0.413403, 0.631613, 0.0594217, 0.773003, -1.21176, 0.674829, 0.333741)
bind/19/name = &"thumb3.r"
bind/19/bone = -1
bind/19/pose = Transform3D(-0.403003, 0.751969, 0.521661, -0.780431, -0.580092, 0.233284, 0.478033, -0.313107, 0.820639, -1.23008, 0.119188, 0.667976)
bind/20/name = &"backpack"
bind/20/bone = -1
bind/20/pose = Transform3D(1, -2.3658e-07, -2.95543e-08, -1.59872e-14, 0.12396, -0.992287, 2.38419e-07, 0.992287, 0.12396, 2.96317e-07, -0.282726, -1.24284)
bind/21/name = &"Arm1.l"
bind/21/bone = -1
bind/21/pose = Transform3D(-0.0392228, -0.994579, 0.0963038, 0.992471, -0.0275847, 0.119334, -0.116031, 0.100259, 0.988173, 1.31431, -0.104805, -0.0150243)
bind/22/name = &"arm2.l"
bind/22/bone = -1
bind/22/pose = Transform3D(-0.0602385, -0.994332, 0.0876121, 0.985148, -0.0450837, 0.165682, -0.160793, 0.0962913, 0.98228, 1.31901, -0.197488, 0.00192347)
bind/23/name = &"arm3.l"
bind/23/bone = -1
bind/23/pose = Transform3D(-0.121859, -0.991457, 0.0465058, 0.984656, -0.114861, 0.131377, -0.124913, 0.0618017, 0.990241, 1.34124, -0.294289, 0.0305877)
bind/24/name = &"hand.l"
bind/24/bone = -1
bind/24/pose = Transform3D(-0.0944261, -0.992989, 0.0711121, 0.800333, -0.0332352, 0.598634, -0.592074, 0.11344, 0.797859, 1.32549, -0.477031, 0.272167)
bind/25/name = &"finger1.l"
bind/25/bone = -1
bind/25/pose = Transform3D(0.168579, -0.968649, 0.182483, 0.805603, 0.242073, 0.540745, -0.567967, 0.0558504, 0.821154, 1.10733, -0.881689, 0.327936)
bind/26/name = &"finger2.l"
bind/26/bone = -1
bind/26/pose = Transform3D(-0.127334, -0.981411, 0.143596, 0.964003, -0.0883837, 0.250772, -0.233418, 0.170358, 0.957337, 1.35357, -0.6408, -0.0834179)
bind/27/name = &"finger3.l"
bind/27/bone = -1
bind/27/pose = Transform3D(-0.532015, -0.846369, 0.0249056, 0.815567, -0.504303, 0.283779, -0.227621, 0.171287, 0.958566, 1.52654, -0.0542556, -0.0895301)
bind/28/name = &"weapon"
bind/28/bone = -1
bind/28/pose = Transform3D(-0.861421, -0.433697, -0.264313, -0.293336, -4.47035e-08, 0.956009, -0.414618, 0.901059, -0.127219, 1.22648, 0.19625, -0.778325)
bind/29/name = &"thumb1.l"
bind/29/bone = -1
bind/29/pose = Transform3D(-0.819492, -0.390596, -0.419367, -0.166849, -0.537452, 0.826623, -0.548266, 0.747382, 0.375267, 1.07918, 0.795311, -0.560311)
bind/30/name = &"thumb2.l"
bind/30/bone = -1
bind/30/pose = Transform3D(-0.644802, -0.593857, -0.481211, 0.430459, -0.802373, 0.413403, -0.631613, 0.0594215, 0.773003, 1.21176, 0.674829, 0.333742)
bind/31/name = &"thumb3.l"
bind/31/bone = -1
bind/31/pose = Transform3D(-0.403003, -0.751969, -0.521661, 0.780431, -0.580092, 0.233284, -0.478033, -0.313107, 0.820639, 1.23008, 0.119187, 0.667976)
bind/32/name = &"thigh.r"
bind/32/bone = -1
bind/32/pose = Transform3D(-3.14359e-07, -0.149106, -0.988821, -3.8302e-07, -0.988821, 0.149106, -0.999997, 6.34578e-08, 3.08472e-07, 0.00428199, 0.721457, -0.144341)
bind/33/name = &"leg.r"
bind/33/bone = -1
bind/33/pose = Transform3D(1.94697e-07, 0.0344842, -0.999405, -3.6005e-07, -0.999405, -0.0344841, -0.999997, 4.39689e-09, -1.27428e-07, -0.0699458, 0.3989, -0.144341)
bind/34/name = &"thigh.l"
bind/34/bone = -1
bind/34/pose = Transform3D(-2.49308e-07, 0.149106, 0.988821, 3.00671e-07, -0.988821, 0.149106, 0.999997, 2.06767e-08, 2.49479e-07, -0.00428199, 0.721457, -0.144341)
bind/35/name = &"leg.l"
bind/35/bone = -1
bind/35/pose = Transform3D(1.94697e-07, -0.0344842, 0.999405, 3.11972e-07, -0.999405, -0.0344841, 0.999997, 4.69382e-09, -1.36034e-07, 0.0699458, 0.3989, -0.144341)
bind/36/name = &"legpole.r"
bind/36/bone = -1
bind/36/pose = Transform3D(4.01339e-07, -1, 0, 0, 0, 1, -1, -4.01339e-07, 0, 0.411501, -0.577361, -0.144341)
bind/37/name = &"legtarg.r"
bind/37/bone = -1
bind/37/pose = Transform3D(1.94707e-07, 1, 0, 0, 0, -1, -1, 1.94707e-07, 0, -0.0707009, -0.0675479, -0.144341)
bind/38/name = &"foot.r"
bind/38/bone = -1
bind/38/pose = Transform3D(1.94707e-07, -0.999999, -0.00151233, -2.77556e-17, -0.00151233, 0.999999, -1, -1.94706e-07, -2.94461e-10, 0.0705987, 0.0676548, -0.144341)
bind/39/name = &"legpole.l"
bind/39/bone = -1
bind/39/pose = Transform3D(4.01339e-07, 1, 0, 0, 0, 1, 1, -4.01339e-07, 0, -0.411501, -0.577361, -0.144341)
bind/40/name = &"legtarg.l"
bind/40/bone = -1
bind/40/pose = Transform3D(1.94707e-07, -1, 0, 0, 0, -1, 1, 1.94707e-07, 0, 0.0707009, -0.0675479, -0.144341)
bind/41/name = &"foot.l"
bind/41/bone = -1
bind/41/pose = Transform3D(1.94707e-07, 0.999999, 0.00151233, 2.77556e-17, -0.00151233, 0.999999, 1, -1.94706e-07, -2.94461e-10, -0.0705987, 0.0676548, -0.144341)

[sub_resource type="Animation" id="2"]
resource_name = "attack_axe"
length = 0.5
loop_mode = 1

[sub_resource type="Animation" id="3"]
resource_name = "attack_sword"
length = 0.5

[sub_resource type="Animation" id="4"]
resource_name = "edge"
length = 0.5

[sub_resource type="Animation" id="5"]
resource_name = "fall"
length = 0.5

[sub_resource type="Animation" id="6"]
resource_name = "idle"
length = 0.5

[sub_resource type="Animation" id="7"]
resource_name = "jump"
length = 0.5

[sub_resource type="Animation" id="8"]
resource_name = "land"
length = 0.5

[sub_resource type="Animation" id="9"]
resource_name = "walk"
length = 0.5

[sub_resource type="AnimationLibrary" id="AnimationLibrary_ast27"]
_data = {
"attack_axe": SubResource("2"),
"attack_sword": SubResource("3"),
"edge": SubResource("4"),
"fall": SubResource("5"),
"idle": SubResource("6"),
"jump": SubResource("7"),
"land": SubResource("8"),
"walk": SubResource("9")
}

[node name="Personagem" type="Node3D"]

[node name="Armature" type="Node3D" parent="."]
transform = Transform3D(0.000994877, 0, 1, 0, 1, 0, -1, 0, 0.000994877, 0, 0, 0)

[node name="Skeleton3D" type="Skeleton3D" parent="Armature"]
bones/0/name = "pelvis"
bones/0/parent = -1
bones/0/rest = Transform3D(1, -1.77636e-15, 2.38419e-07, -7.66691e-09, 0.999483, 0.0321574, -2.38295e-07, -0.0321574, 0.999483, -1.72031e-15, 0.725524, -0.0985891)
bones/0/enabled = true
bones/0/position = Vector3(0, 0, 0)
bones/0/rotation = Quaternion(0, 0, 0, 1)
bones/0/scale = Vector3(1, 1, 1)
bones/1/name = "chest"
bones/1/parent = 0
bones/1/rest = Transform3D(1, 1.32467e-08, 3.68303e-10, -1.32467e-08, 0.998455, 0.0555607, 3.68261e-10, -0.0555607, 0.998455, 1.77826e-15, 0.28415, -5.75451e-12)
bones/1/enabled = true
bones/1/position = Vector3(0, 0, 0)
bones/1/rotation = Quaternion(0, 0, 0, 1)
bones/1/scale = Vector3(1, 1, 1)
bones/2/name = "shoulder"
bones/2/parent = 1
bones/2/rest = Transform3D(0.999511, -0.0150022, 0.0274171, 0.0198261, 0.982509, -0.185159, -0.0241598, 0.185613, 0.982326, 1.50726e-15, 0.214013, 3.3325e-08)
bones/2/enabled = true
bones/2/position = Vector3(0, 0, 0)
bones/2/rotation = Quaternion(0, 0, 0, 1)
bones/2/scale = Vector3(1, 1, 1)
bones/3/name = "neck"
bones/3/parent = 2
bones/3/rest = Transform3D(0.999711, -0.00228974, -0.0239225, 0.00403714, 0.997305, 0.0732535, 0.0236903, -0.0733289, 0.997026, 9.93344e-15, 0.180617, 5.0846e-11)
bones/3/enabled = true
bones/3/position = Vector3(0, 0, 0)
bones/3/rotation = Quaternion(0, 0, 0, 1)
bones/3/scale = Vector3(1, 1, 1)
bones/4/name = "head"
bones/4/parent = 3
bones/4/rest = Transform3D(0.999939, 0.0073397, 0.00830653, -0.00700225, 0.999177, -0.0399505, -0.00859292, 0.0398899, 0.999167, 1.86264e-09, 0.120902, 9.32458e-09)
bones/4/enabled = true
bones/4/position = Vector3(0, 0, 0)
bones/4/rotation = Quaternion(0, 0, 0, 1)
bones/4/scale = Vector3(1, 1, 1)
bones/5/name = "hat"
bones/5/parent = 4
bones/5/rest = Transform3D(1, 2.03779e-08, 1.51443e-09, -2.04332e-08, 0.996516, 0.0834031, 1.90423e-10, -0.0834031, 0.996516, 8.37378e-09, 0.76716, -0.0234034)
bones/5/enabled = true
bones/5/position = Vector3(0, 0, 0)
bones/5/rotation = Quaternion(0, 0, 0, 1)
bones/5/scale = Vector3(1, 1, 1)
bones/6/name = "Bone.019"
bones/6/parent = 4
bones/6/rest = Transform3D(1, -2.37642e-07, 1.25611e-07, 1.49582e-07, 0.103718, -0.994607, 2.23332e-07, 0.994607, 0.103718, 1.86264e-09, 0.497324, 2.55938e-08)
bones/6/enabled = true
bones/6/position = Vector3(0, 0, 0)
bones/6/rotation = Quaternion(0, 0, 0, 1)
bones/6/scale = Vector3(1, 1, 1)
bones/7/name = "eyebrow.r"
bones/7/parent = 6
bones/7/rest = Transform3D(0.757721, -0.576996, -0.304853, 0.526544, 0.81653, -0.236707, 0.385501, 0.018839, 0.922515, 2.81919e-14, 0.250924, -1.73429e-09)
bones/7/enabled = true
bones/7/position = Vector3(0, 0, 0)
bones/7/rotation = Quaternion(0, 0, 0, 1)
bones/7/scale = Vector3(1, 1, 1)
bones/8/name = "eyebrow.l"
bones/8/parent = 6
bones/8/rest = Transform3D(0.742743, 0.595517, 0.306092, -0.512218, 0.799764, -0.313066, -0.431237, 0.0757423, 0.899054, 1.72991e-08, 0.250924, -4.0618e-09)
bones/8/enabled = true
bones/8/position = Vector3(0, 0, 0)
bones/8/rotation = Quaternion(0, 0, 0, 1)
bones/8/scale = Vector3(1, 1, 1)
bones/9/name = "Arm1.r"
bones/9/parent = 1
bones/9/rest = Transform3D(-0.0432744, -0.990095, 0.133565, 0.964852, -0.0761031, -0.251532, 0.259205, 0.117986, 0.958589, -0.153823, 0.248973, 0.0304444)
bones/9/enabled = true
bones/9/position = Vector3(0, 0, 0)
bones/9/rotation = Quaternion(0, 0, 0, 1)
bones/9/scale = Vector3(1, 1, 1)
bones/10/name = "arm2.r"
bones/10/parent = 9
bones/10/rest = Transform3D(0.570146, -0.817205, 0.0843175, 0.807003, 0.576322, 0.128841, -0.153884, -0.005414, 0.988074, 2.49658e-07, 0.12141, -2.82016e-09)
bones/10/enabled = true
bones/10/position = Vector3(0, 0, 0)
bones/10/rotation = Quaternion(0, 0, 0, 1)
bones/10/scale = Vector3(1, 1, 1)
bones/11/name = "arm3.r"
bones/11/parent = 10
bones/11/rest = Transform3D(0.936746, -0.350008, -2.6837e-05, 0.349306, 0.934862, 0.063393, -0.022163, -0.0593925, 0.997989, -5.15246e-08, 0.185471, 5.65094e-09)
bones/11/enabled = true
bones/11/position = Vector3(0, 0, 0)
bones/11/rotation = Quaternion(0, 0, 0, 1)
bones/11/scale = Vector3(1, 1, 1)
bones/12/name = "hand.r"
bones/12/parent = 11
bones/12/rest = Transform3D(0.99932, 0.0367366, 0.00321618, -0.0304208, 0.870516, -0.491198, -0.0208447, 0.490766, 0.871042, -6.7946e-08, 0.214341, -4.34549e-09)
bones/12/enabled = true
bones/12/position = Vector3(0, 0, 0)
bones/12/rotation = Quaternion(0, 0, 0, 1)
bones/12/scale = Vector3(1, 1, 1)
bones/13/name = "finger1.r"
bones/13/parent = 12
bones/13/rest = Transform3D(0.958916, 0.277992, -0.056566, -0.276352, 0.960413, 0.0351533, 0.0640991, -0.0180769, 0.99778, 1.08577e-07, 0.0522137, -5.90745e-09)
bones/13/enabled = true
bones/13/position = Vector3(0, 0, 0)
bones/13/rotation = Quaternion(0, 0, 0, 1)
bones/13/scale = Vector3(1, 1, 1)
bones/14/name = "finger2.r"
bones/14/parent = 13
bones/14/rest = Transform3D(0.95538, -0.293884, 0.0296695, 0.262505, 0.890811, 0.370872, -0.135423, -0.346536, 0.92821, -6.4083e-08, 0.0753994, -3.55563e-08)
bones/14/enabled = true
bones/14/position = Vector3(0, 0, 0)
bones/14/rotation = Quaternion(0, 0, 0, 1)
bones/14/scale = Vector3(1, 1, 1)
bones/15/name = "finger3.r"
bones/15/parent = 14
bones/15/rest = Transform3D(0.901955, -0.431828, 0.0014727, 0.431813, 0.901944, 0.00581454, -0.00383917, -0.00460852, 0.999982, 2.30785e-08, 0.067835, 1.90155e-08)
bones/15/enabled = true
bones/15/position = Vector3(0, 0, 0)
bones/15/rotation = Quaternion(0, 0, 0, 1)
bones/15/scale = Vector3(1, 1, 1)
bones/16/name = "shield"
bones/16/parent = 14
bones/16/rest = Transform3D(-0.000816822, 0.989267, -0.146119, -0.997295, 0.00993287, 0.0728237, 0.0734934, 0.145783, 0.986583, -0.074837, 0.0266057, -0.00989122)
bones/16/enabled = true
bones/16/position = Vector3(0, 0, 0)
bones/16/rotation = Quaternion(0, 0, 0, 1)
bones/16/scale = Vector3(1, 1, 1)
bones/17/name = "thumb1.r"
bones/17/parent = 12
bones/17/rest = Transform3D(0.435417, -0.608222, 0.663685, 0.893932, 0.379173, -0.238987, -0.106295, 0.697348, 0.708807, 8.55877e-08, 0.0522137, -4.92331e-08)
bones/17/enabled = true
bones/17/position = Vector3(0, 0, 0)
bones/17/rotation = Quaternion(0, 0, 0, 1)
bones/17/scale = Vector3(1, 1, 1)
bones/18/name = "thumb2.r"
bones/18/parent = 17
bones/18/rest = Transform3D(0.962172, 0.212721, -0.17022, -0.0289747, 0.701144, 0.712431, 0.270898, -0.680549, 0.680785, -3.5824e-09, 0.0492808, -3.30161e-08)
bones/18/enabled = true
bones/18/position = Vector3(0, 0, 0)
bones/18/rotation = Quaternion(0, 0, 0, 1)
bones/18/scale = Vector3(1, 1, 1)
bones/19/name = "thumb3.r"
bones/19/parent = 18
bones/19/rest = Transform3D(0.957449, 0.27099, -0.0992775, -0.214227, 0.897834, 0.384709, 0.193387, -0.347071, 0.917683, -1.17929e-08, 0.0473247, -1.57222e-08)
bones/19/enabled = true
bones/19/position = Vector3(0, 0, 0)
bones/19/rotation = Quaternion(0, 0, 0, 1)
bones/19/scale = Vector3(1, 1, 1)
bones/20/name = "backpack"
bones/20/parent = 1
bones/20/rest = Transform3D(1, 2.33079e-07, 1.88244e-07, -2.33079e-07, 0.210446, 0.977605, 1.88244e-07, -0.977605, 0.210446, -2.52389e-15, 0.214013, 2.04306e-08)
bones/20/enabled = true
bones/20/position = Vector3(0, 0, 0)
bones/20/rotation = Quaternion(0, 0, 0, 1)
bones/20/scale = Vector3(1, 1, 1)
bones/21/name = "Arm1.l"
bones/21/parent = 1
bones/21/rest = Transform3D(-0.0744541, 0.990869, -0.112404, -0.997184, -0.0729655, 0.0173049, 0.0089453, 0.113376, 0.993512, 0.153823, 0.248973, 0.0304445)
bones/21/enabled = true
bones/21/position = Vector3(0, 0, 0)
bones/21/rotation = Quaternion(0, 0, 0, 1)
bones/21/scale = Vector3(1, 1, 1)
bones/22/name = "arm2.l"
bones/22/parent = 21
bones/22/rest = Transform3D(0.681598, 0.730509, 0.0421871, -0.730619, 0.676263, 0.0941532, 0.0402502, -0.0949974, 0.994664, 1.08029e-07, 0.12141, -7.33727e-10)
bones/22/enabled = true
bones/22/position = Vector3(0, 0, 0)
bones/22/rotation = Quaternion(0, 0, 0, 1)
bones/22/scale = Vector3(1, 1, 1)
bones/23/name = "arm3.l"
bones/23/parent = 22
bones/23/rest = Transform3D(0.905967, 0.415617, -0.0805358, -0.419839, 0.906494, -0.044771, 0.0543976, 0.0743731, 0.995746, 2.25739e-07, 0.185471, -4.03771e-08)
bones/23/enabled = true
bones/23/position = Vector3(0, 0, 0)
bones/23/rotation = Quaternion(0, 0, 0, 1)
bones/23/scale = Vector3(1, 1, 1)
bones/24/name = "hand.l"
bones/24/parent = 23
bones/24/rest = Transform3D(0.998863, -0.0432573, -0.0200622, 0.022601, 0.799975, -0.599607, 0.0419867, 0.598472, 0.800043, 7.00592e-08, 0.214341, -7.86873e-08)
bones/24/enabled = true
bones/24/position = Vector3(0, 0, 0)
bones/24/rotation = Quaternion(0, 0, 0, 1)
bones/24/scale = Vector3(1, 1, 1)
bones/25/name = "finger1.l"
bones/25/parent = 24
bones/25/rest = Transform3D(0.958916, -0.277992, 0.056566, 0.276352, 0.960413, 0.0351532, -0.0640991, -0.0180769, 0.99778, 6.64593e-08, 0.0522138, -3.12215e-08)
bones/25/enabled = true
bones/25/position = Vector3(0, 0, 0)
bones/25/rotation = Quaternion(0, 0, 0, 1)
bones/25/scale = Vector3(1, 1, 1)
bones/26/name = "finger2.l"
bones/26/parent = 25
bones/26/rest = Transform3D(0.95538, 0.293884, -0.0296695, -0.262505, 0.890811, 0.370872, 0.135423, -0.346536, 0.92821, -7.34433e-08, 0.0753992, -2.56341e-08)
bones/26/enabled = true
bones/26/position = Vector3(0, 0, 0)
bones/26/rotation = Quaternion(0, 0, 0, 1)
bones/26/scale = Vector3(1, 1, 1)
bones/27/name = "finger3.l"
bones/27/parent = 26
bones/27/rest = Transform3D(0.901955, 0.431828, -0.00147268, -0.431813, 0.901944, 0.0058145, 0.00383914, -0.0046085, 0.999982, -7.87813e-08, 0.0678352, -3.35729e-08)
bones/27/enabled = true
bones/27/position = Vector3(0, 0, 0)
bones/27/rotation = Quaternion(0, 0, 0, 1)
bones/27/scale = Vector3(1, 1, 1)
bones/28/name = "weapon"
bones/28/parent = 25
bones/28/rest = Transform3D(0.22665, 0.125005, -0.965921, -0.941875, 0.280645, -0.184688, 0.247994, 0.951637, 0.181347, 0.053015, 0.0746733, -0.0218339)
bones/28/enabled = true
bones/28/position = Vector3(0, 0, 0)
bones/28/rotation = Quaternion(0, 0, 0, 1)
bones/28/scale = Vector3(1, 1, 1)
bones/29/name = "thumb1.l"
bones/29/parent = 24
bones/29/rest = Transform3D(0.435417, 0.608222, -0.663685, -0.893931, 0.379173, -0.238986, 0.106295, 0.697348, 0.708807, -5.46958e-09, 0.0522138, -2.95236e-08)
bones/29/enabled = true
bones/29/position = Vector3(0, 0, 0)
bones/29/rotation = Quaternion(0, 0, 0, 1)
bones/29/scale = Vector3(1, 1, 1)
bones/30/name = "thumb2.l"
bones/30/parent = 29
bones/30/rest = Transform3D(0.962172, -0.212721, 0.17022, 0.0289747, 0.701144, 0.712431, -0.270898, -0.680549, 0.680785, -4.75832e-08, 0.0492807, 3.772e-08)
bones/30/enabled = true
bones/30/position = Vector3(0, 0, 0)
bones/30/rotation = Quaternion(0, 0, 0, 1)
bones/30/scale = Vector3(1, 1, 1)
bones/31/name = "thumb3.l"
bones/31/parent = 30
bones/31/rest = Transform3D(0.957449, -0.27099, 0.0992775, 0.214227, 0.897834, 0.384709, -0.193387, -0.347071, 0.917683, -3.74229e-09, 0.0473247, 4.4726e-08)
bones/31/enabled = true
bones/31/position = Vector3(0, 0, 0)
bones/31/rotation = Quaternion(0, 0, 0, 1)
bones/31/scale = Vector3(1, 1, 1)
bones/32/name = "thigh.r"
bones/32/parent = 0
bones/32/rest = Transform3D(4.17232e-07, -8.64267e-07, -1.00001, -0.420511, -0.907287, 6.10953e-07, -0.907287, 0.420512, -8.34473e-07, -0.144341, -0.0568977, -0.00658372)
bones/32/enabled = true
bones/32/position = Vector3(0, 0, 0)
bones/32/rotation = Quaternion(0, 0, 0, 1)
bones/32/scale = Vector3(1, 1, 1)
bones/33/name = "leg.r"
bones/33/parent = 32
bones/33/rest = Transform3D(0.871549, 0.49031, 4.35668e-07, -0.49031, 0.871549, -1.96624e-08, -3.89346e-07, -1.96475e-07, 1, -5.38207e-09, 0.316493, -6.77005e-09)
bones/33/enabled = true
bones/33/position = Vector3(0, 0, 0)
bones/33/rotation = Quaternion(0, 0, 0, 1)
bones/33/scale = Vector3(1, 1, 1)
bones/34/name = "thigh.l"
bones/34/parent = 0
bones/34/rest = Transform3D(-4.76837e-07, 5.21541e-07, 1.00001, -0.183882, -0.982949, 4.39588e-07, 0.982948, -0.183882, 4.17236e-07, 0.144341, -0.0568976, -0.00658364)
bones/34/enabled = true
bones/34/position = Vector3(0, 0, 0)
bones/34/rotation = Quaternion(0, 0, 0, 1)
bones/34/scale = Vector3(1, 1, 1)
bones/35/name = "leg.l"
bones/35/parent = 34
bones/35/rest = Transform3D(0.950811, -0.309772, -3.76238e-07, 0.309772, 0.950811, -7.08551e-08, 3.7968e-07, -4.9178e-08, 1, 1.04501e-08, 0.316493, -5.71494e-09)
bones/35/enabled = true
bones/35/position = Vector3(0, 0, 0)
bones/35/rotation = Quaternion(0, 0, 0, 1)
bones/35/scale = Vector3(1, 1, 1)
bones/36/name = "legpole.r"
bones/36/parent = -1
bones/36/rest = Transform3D(2.38419e-07, -5.96046e-08, -1, -1, -1.19209e-07, -2.98023e-07, -5.96046e-08, 1, -1.19209e-07, -0.144341, 0.365915, 0.577361)
bones/36/enabled = true
bones/36/position = Vector3(0, 0, 0)
bones/36/rotation = Quaternion(0, 0, 0, 1)
bones/36/scale = Vector3(1, 1, 1)
bones/37/name = "legtarg.r"
bones/37/parent = -1
bones/37/rest = Transform3D(2.38419e-07, 0, -1, 1, 0, 2.38419e-07, 0, -1, 0, -0.144341, 0.0555056, 0.0236242)
bones/37/enabled = true
bones/37/position = Vector3(0, 0, 0)
bones/37/rotation = Quaternion(0, 0, 0, 1)
bones/37/scale = Vector3(1, 1, 1)
bones/38/name = "foot.r"
bones/38/parent = 37
bones/38/rest = Transform3D(-0.999999, -0.00151233, -3.89414e-07, 0.00151233, -0.999999, 2.94461e-10, -3.89414e-07, -2.94461e-10, 1, -2.5533e-07, 1.15646e-08, -2.39554e-07)
bones/38/enabled = true
bones/38/position = Vector3(0, 0, 0)
bones/38/rotation = Quaternion(0, 0, 0, 1)
bones/38/scale = Vector3(1, 1, 1)
bones/39/name = "legpole.l"
bones/39/parent = -1
bones/39/rest = Transform3D(2.38419e-07, 5.96046e-08, 1, 1, -1.19209e-07, -2.98023e-07, 5.96046e-08, 1, -1.19209e-07, 0.144341, 0.365915, 0.577361)
bones/39/enabled = true
bones/39/position = Vector3(0, 0, 0)
bones/39/rotation = Quaternion(0, 0, 0, 1)
bones/39/scale = Vector3(1, 1, 1)
bones/40/name = "legtarg.l"
bones/40/parent = -1
bones/40/rest = Transform3D(2.38419e-07, 0, 1, -1, 0, 2.38419e-07, 0, -1, 0, 0.144341, 0.0605707, -0.300543)
bones/40/enabled = true
bones/40/position = Vector3(0, 0, 0)
bones/40/rotation = Quaternion(0, 0, 0, 1)
bones/40/scale = Vector3(1, 1, 1)
bones/41/name = "foot.l"
bones/41/parent = 40
bones/41/rest = Transform3D(-0.999999, 0.00151233, 3.89414e-07, -0.00151233, -0.999999, 2.94461e-10, 3.89414e-07, -2.94461e-10, 1, -6.49829e-08, -2.98981e-08, -1.9485e-07)
bones/41/enabled = true
bones/41/position = Vector3(0, 0, 0)
bones/41/rotation = Quaternion(0, 0, 0, 1)
bones/41/scale = Vector3(1, 1, 1)

[node name="Cube001" type="MeshInstance3D" parent="Armature/Skeleton3D"]
mesh = ExtResource("1")
skin = SubResource("1")

[node name="LeftHandPlaceholder" type="BoneAttachment3D" parent="Armature/Skeleton3D"]
bone_name = "weapon"
bone_idx = 28

[node name="RightHandPlaceholder" type="BoneAttachment3D" parent="Armature/Skeleton3D"]
bone_name = "shield"
bone_idx = 16

[node name="AnimationPlayer" type="AnimationPlayer" parent="."]
libraries = {
"": SubResource("AnimationLibrary_ast27")
}
