[gd_scene load_steps=11 format=2]

[ext_resource path="res://assets/meshes/player_mesh.tres" type="ArrayMesh" id=1]

[sub_resource type="Skin" id=1]
resource_name = "Skin"
bind_count = 42
bind/0/name = "pelvis"
bind/0/bone = -1
bind/0/pose = Transform( 1, -7.6669e-09, -2.38295e-07, -7.99361e-15, 0.999483, -0.0321574, 2.38419e-07, 0.0321573, 0.999483, -1.75813e-08, -0.773882, 0.0737412 )
bind/1/name = "chest"
bind/1/bone = -1
bind/1/pose = Transform( 1, -2.08949e-08, -2.37501e-07, -5.32907e-15, 0.996152, -0.0876396, 2.38419e-07, 0.0876396, 0.996152, -3.53868e-09, -1.0605, 0.0148423 )
bind/2/name = "shoulder"
bind/2/bone = -1
bind/2/pose = Transform( 1, 5.5865e-08, -2.31781e-07, 0, 0.972161, 0.234315, 2.38419e-07, -0.234315, 0.972161, -1.0017e-07, -1.20336, 0.420143 )
bind/3/name = "neck"
bind/3/bone = -1
bind/3/pose = Transform( 1, 2.84513e-08, -2.36715e-07, 3.55271e-15, 0.992854, 0.119333, 2.38419e-07, -0.119334, 0.992854, -6.10029e-08, -1.42353, 0.255865 )
bind/4/name = "head"
bind/4/bone = -1
bind/4/pose = Transform( 1, 2.47284e-08, -2.37133e-07, 3.55271e-15, 0.994607, 0.103719, 2.38419e-07, -0.103719, 0.994607, -5.52097e-08, -1.54826, 0.231566 )
bind/5/name = "hat"
bind/5/bone = -1
bind/5/pose = Transform( 1, 4.86467e-09, -2.38369e-07, 1.77636e-15, 0.999792, 0.0204039, 2.38419e-07, -0.0204039, 0.999792, -1.45359e-08, -2.32862, 0.0609679 )
bind/6/name = "Bone.019"
bind/6/bone = -1
bind/6/pose = Transform( 1, 1.50996e-07, 1.12501e-15, 5.64292e-14, 9.68576e-08, 1, 1.50996e-07, -1, -7.45058e-09, -3.10836e-07, 0.0181518, 2.05857 )
bind/7/name = "eyebrow.r"
bind/7/bone = -1
bind/7/pose = Transform( 0.814244, 0.0660129, 0.576757, -0.580461, 0.0780985, 0.810535, 0.00846186, -0.994758, 0.101909, -0.270145, -0.349441, 2.02406 )
bind/8/name = "eyebrow.l"
bind/8/bone = -1
bind/8/pose = Transform( 0.814245, -0.0660129, -0.576757, 0.580461, 0.0780985, 0.810535, -0.00846186, -0.994758, 0.101909, 0.270145, -0.349441, 2.02406 )
bind/9/name = "Arm1.r"
bind/9/bone = -1
bind/9/pose = Transform( -0.0392228, 0.994579, -0.0963038, -0.992471, -0.0275848, 0.119335, 0.116031, 0.100259, 0.988173, -1.31431, -0.104805, -0.0150243 )
bind/10/name = "arm2.r"
bind/10/bone = -1
bind/10/pose = Transform( -0.0602385, 0.994332, -0.0876121, -0.985148, -0.0450838, 0.165682, 0.160793, 0.0962913, 0.98228, -1.31901, -0.197488, 0.00192347 )
bind/11/name = "arm3.r"
bind/11/bone = -1
bind/11/pose = Transform( -0.121859, 0.991457, -0.0465058, -0.984656, -0.114861, 0.131377, 0.124913, 0.0618017, 0.990241, -1.34124, -0.294288, 0.0305876 )
bind/12/name = "hand.r"
bind/12/bone = -1
bind/12/pose = Transform( -0.0944261, 0.992989, -0.0711121, -0.800332, -0.0332353, 0.598635, 0.592074, 0.11344, 0.797859, -1.32549, -0.477031, 0.272167 )
bind/13/name = "finger1.r"
bind/13/bone = -1
bind/13/pose = Transform( 0.168579, 0.968649, -0.182483, -0.805603, 0.242073, 0.540745, 0.567967, 0.0558504, 0.821154, -1.10733, -0.881689, 0.327936 )
bind/14/name = "finger2.r"
bind/14/bone = -1
bind/14/pose = Transform( -0.127334, 0.98141, -0.143596, -0.964003, -0.0883838, 0.250772, 0.233418, 0.170358, 0.957337, -1.35357, -0.6408, -0.0834179 )
bind/15/name = "finger3.r"
bind/15/bone = -1
bind/15/pose = Transform( -0.532015, 0.846368, -0.0249056, -0.815567, -0.504303, 0.283779, 0.227621, 0.171287, 0.958566, -1.52654, -0.0542555, -0.0895302 )
bind/16/name = "shield"
bind/16/bone = -1
bind/16/pose = Transform( 0.978655, 0.0998634, -0.179618, -0.101514, 0.994834, 4.84288e-08, 0.17869, 0.0182337, 0.983737, 0.661242, -1.28236, 0.0657039 )
bind/17/name = "thumb1.r"
bind/17/bone = -1
bind/17/pose = Transform( -0.819491, 0.390596, 0.419367, 0.166849, -0.537452, 0.826624, 0.548266, 0.747382, 0.375267, -1.07918, 0.795311, -0.560311 )
bind/18/name = "thumb2.r"
bind/18/bone = -1
bind/18/pose = Transform( -0.644802, 0.593857, 0.481211, -0.430459, -0.802373, 0.413403, 0.631613, 0.0594217, 0.773003, -1.21176, 0.674829, 0.333741 )
bind/19/name = "thumb3.r"
bind/19/bone = -1
bind/19/pose = Transform( -0.403003, 0.751969, 0.521661, -0.780431, -0.580092, 0.233284, 0.478033, -0.313107, 0.820639, -1.23008, 0.119188, 0.667976 )
bind/20/name = "backpack"
bind/20/bone = -1
bind/20/pose = Transform( 1, -2.3658e-07, -2.95543e-08, -1.59872e-14, 0.12396, -0.992287, 2.38419e-07, 0.992287, 0.12396, 2.96317e-07, -0.282726, -1.24284 )
bind/21/name = "Arm1.l"
bind/21/bone = -1
bind/21/pose = Transform( -0.0392228, -0.994579, 0.0963038, 0.992471, -0.0275847, 0.119334, -0.116031, 0.100259, 0.988173, 1.31431, -0.104805, -0.0150243 )
bind/22/name = "arm2.l"
bind/22/bone = -1
bind/22/pose = Transform( -0.0602385, -0.994332, 0.0876121, 0.985148, -0.0450837, 0.165682, -0.160793, 0.0962913, 0.98228, 1.31901, -0.197488, 0.00192347 )
bind/23/name = "arm3.l"
bind/23/bone = -1
bind/23/pose = Transform( -0.121859, -0.991457, 0.0465058, 0.984656, -0.114861, 0.131377, -0.124913, 0.0618017, 0.990241, 1.34124, -0.294289, 0.0305877 )
bind/24/name = "hand.l"
bind/24/bone = -1
bind/24/pose = Transform( -0.0944261, -0.992989, 0.0711121, 0.800333, -0.0332352, 0.598634, -0.592074, 0.11344, 0.797859, 1.32549, -0.477031, 0.272167 )
bind/25/name = "finger1.l"
bind/25/bone = -1
bind/25/pose = Transform( 0.168579, -0.968649, 0.182483, 0.805603, 0.242073, 0.540745, -0.567967, 0.0558504, 0.821154, 1.10733, -0.881689, 0.327936 )
bind/26/name = "finger2.l"
bind/26/bone = -1
bind/26/pose = Transform( -0.127334, -0.981411, 0.143596, 0.964003, -0.0883837, 0.250772, -0.233418, 0.170358, 0.957337, 1.35357, -0.6408, -0.0834179 )
bind/27/name = "finger3.l"
bind/27/bone = -1
bind/27/pose = Transform( -0.532015, -0.846369, 0.0249056, 0.815567, -0.504303, 0.283779, -0.227621, 0.171287, 0.958566, 1.52654, -0.0542556, -0.0895301 )
bind/28/name = "weapon"
bind/28/bone = -1
bind/28/pose = Transform( -0.861421, -0.433697, -0.264313, -0.293336, -4.47035e-08, 0.956009, -0.414618, 0.901059, -0.127219, 1.22648, 0.19625, -0.778325 )
bind/29/name = "thumb1.l"
bind/29/bone = -1
bind/29/pose = Transform( -0.819492, -0.390596, -0.419367, -0.166849, -0.537452, 0.826623, -0.548266, 0.747382, 0.375267, 1.07918, 0.795311, -0.560311 )
bind/30/name = "thumb2.l"
bind/30/bone = -1
bind/30/pose = Transform( -0.644802, -0.593857, -0.481211, 0.430459, -0.802373, 0.413403, -0.631613, 0.0594215, 0.773003, 1.21176, 0.674829, 0.333742 )
bind/31/name = "thumb3.l"
bind/31/bone = -1
bind/31/pose = Transform( -0.403003, -0.751969, -0.521661, 0.780431, -0.580092, 0.233284, -0.478033, -0.313107, 0.820639, 1.23008, 0.119187, 0.667976 )
bind/32/name = "thigh.r"
bind/32/bone = -1
bind/32/pose = Transform( -3.14359e-07, -0.149106, -0.988821, -3.8302e-07, -0.988821, 0.149106, -0.999997, 6.34578e-08, 3.08472e-07, 0.00428199, 0.721457, -0.144341 )
bind/33/name = "leg.r"
bind/33/bone = -1
bind/33/pose = Transform( 1.94697e-07, 0.0344842, -0.999405, -3.6005e-07, -0.999405, -0.0344841, -0.999997, 4.39689e-09, -1.27428e-07, -0.0699458, 0.3989, -0.144341 )
bind/34/name = "thigh.l"
bind/34/bone = -1
bind/34/pose = Transform( -2.49308e-07, 0.149106, 0.988821, 3.00671e-07, -0.988821, 0.149106, 0.999997, 2.06767e-08, 2.49479e-07, -0.00428199, 0.721457, -0.144341 )
bind/35/name = "leg.l"
bind/35/bone = -1
bind/35/pose = Transform( 1.94697e-07, -0.0344842, 0.999405, 3.11972e-07, -0.999405, -0.0344841, 0.999997, 4.69382e-09, -1.36034e-07, 0.0699458, 0.3989, -0.144341 )
bind/36/name = "legpole.r"
bind/36/bone = -1
bind/36/pose = Transform( 4.01339e-07, -1, 0, 0, 0, 1, -1, -4.01339e-07, 0, 0.411501, -0.577361, -0.144341 )
bind/37/name = "legtarg.r"
bind/37/bone = -1
bind/37/pose = Transform( 1.94707e-07, 1, 0, 0, 0, -1, -1, 1.94707e-07, 0, -0.0707009, -0.0675479, -0.144341 )
bind/38/name = "foot.r"
bind/38/bone = -1
bind/38/pose = Transform( 1.94707e-07, -0.999999, -0.00151233, -2.77556e-17, -0.00151233, 0.999999, -1, -1.94706e-07, -2.94461e-10, 0.0705987, 0.0676548, -0.144341 )
bind/39/name = "legpole.l"
bind/39/bone = -1
bind/39/pose = Transform( 4.01339e-07, 1, 0, 0, 0, 1, 1, -4.01339e-07, 0, -0.411501, -0.577361, -0.144341 )
bind/40/name = "legtarg.l"
bind/40/bone = -1
bind/40/pose = Transform( 1.94707e-07, -1, 0, 0, 0, -1, 1, 1.94707e-07, 0, 0.0707009, -0.0675479, -0.144341 )
bind/41/name = "foot.l"
bind/41/bone = -1
bind/41/pose = Transform( 1.94707e-07, 0.999999, 0.00151233, 2.77556e-17, -0.00151233, 0.999999, 1, -1.94706e-07, -2.94461e-10, -0.0705987, 0.0676548, -0.144341 )

[sub_resource type="Animation" id=2]
resource_name = "attack_axe"
length = 0.5
loop = true
tracks/0/type = "transform"
tracks/0/path = NodePath("Armature/Skeleton:hat")
tracks/0/interp = 1
tracks/0/loop_wrap = true
tracks/0/imported = false
tracks/0/enabled = true
tracks/0/keys = PoolRealArray( 0, 1, 0, 0, 0, -3.99071e-22, 2.9179e-11, 1.36787e-11, 1, 1, 1, 1, 0.5, 1, 0, 0, 0, -3.99071e-22, 2.9179e-11, 1.36787e-11, 1, 1, 1, 1 )
tracks/1/type = "transform"
tracks/1/path = NodePath("Armature/Skeleton:eyebrow.r")
tracks/1/interp = 1
tracks/1/loop_wrap = true
tracks/1/imported = false
tracks/1/enabled = true
tracks/1/keys = PoolRealArray( 0, 1, 0, 0, 0, -3.72529e-09, -4.47035e-08, 2.93367e-08, 1, 1, 1, 1, 0.5, 1, 0, 0, 0, -3.72529e-09, -4.47035e-08, 2.93367e-08, 1, 1, 1, 1 )
tracks/2/type = "transform"
tracks/2/path = NodePath("Armature/Skeleton:eyebrow.l")
tracks/2/interp = 1
tracks/2/loop_wrap = true
tracks/2/imported = false
tracks/2/enabled = true
tracks/2/keys = PoolRealArray( 0, 1, 0, 0, 0, 1.11759e-08, 2.08167e-17, 1.86265e-09, 1, 1, 1, 1, 0.5, 1, 0, 0, 0, 1.11759e-08, 2.08167e-17, 1.86265e-09, 1, 1, 1, 1 )
tracks/3/type = "transform"
tracks/3/path = NodePath("Armature/Skeleton:Bone.019")
tracks/3/interp = 1
tracks/3/loop_wrap = true
tracks/3/imported = false
tracks/3/enabled = true
tracks/3/keys = PoolRealArray( 0, 1, 0, 0, 0, 0, -1.37686e-10, 0, 1, 1, 1, 1, 0.5, 1, 0, 0, 0, 0, -1.37686e-10, 0, 1, 1, 1, 1 )
tracks/4/type = "transform"
tracks/4/path = NodePath("Armature/Skeleton:head")
tracks/4/interp = 1
tracks/4/loop_wrap = true
tracks/4/imported = false
tracks/4/enabled = true
tracks/4/keys = PoolRealArray( 0, 1, 0, 0, 0, -1.86264e-09, 8.13152e-20, -4.36557e-11, 1, 1, 1, 1, 0.0666667, 1, 0, 0, 0, 0.0257137, 0.0105002, 0.000875751, 0.999614, 1, 1, 1, 0.133333, 1, 0, 0, 0, 0.0654111, 0.0328165, 0.00205881, 0.997317, 1, 1, 1, 0.2, 1, 0, 0, 0, 0.0453501, 0.0531021, -0.000260897, 0.997559, 1, 1, 1, 0.266667, 1, 0, 0, 0, -0.00543061, 0.0581158, -0.00422792, 0.998286, 1, 1, 1, 0.333333, 1, 0, 0, 0, -0.00409013, 0.0435935, -0.00316953, 0.999036, 1, 1, 1, 0.4, 1, 0, 0, 0, -0.00194833, 0.0207224, -0.00150618, 0.999782, 1, 1, 1, 0.466667, 1, 0, 0, 0, -0.00026933, 0.00286099, -0.00020791, 0.999996, 1, 1, 1, 0.5, 1, 0, 0, 0, -1.86264e-09, 8.13152e-20, -4.36557e-11, 1, 1, 1, 1 )
tracks/5/type = "transform"
tracks/5/path = NodePath("Armature/Skeleton:neck")
tracks/5/interp = 1
tracks/5/loop_wrap = true
tracks/5/imported = false
tracks/5/enabled = true
tracks/5/keys = PoolRealArray( 0, 1, 0, 0, 0, -3.72529e-09, -9.31323e-10, 1.16415e-10, 1, 1, 1, 1, 0.0666667, 1, 0, 0, 0, 0.00474389, -0.000941391, 3.28318e-05, 0.999988, 1, 1, 1, 0.133333, 1, 0, 0, 0, 0.0120752, -0.00239626, 8.35759e-05, 0.999924, 1, 1, 1, 0.2, 1, 0, 0, 0, 0.00959151, -0.0019031, 6.63559e-05, 0.999952, 1, 1, 1, 0.266667, 1, 0, 0, 0, 0.00155934, -0.000310011, 1.08419e-05, 0.999999, 1, 1, 1, 0.333333, 1, 0, 0, 0, 0.000571743, -0.000114903, 4.09629e-06, 1, 1, 1, 1, 0.4, 1, 0, 0, 0, 0.000125248, -2.57882e-05, 9.6092e-07, 1, 1, 1, 1, 0.5, 1, 0, 0, 0, 5.42101e-20, 9.31323e-10, 0, 1, 1, 1, 1 )
tracks/6/type = "transform"
tracks/6/path = NodePath("Armature/Skeleton:shoulder")
tracks/6/interp = 1
tracks/6/loop_wrap = true
tracks/6/imported = false
tracks/6/enabled = true
tracks/6/keys = PoolRealArray( 0, 1, 0, 0, 0, -1.49012e-08, -9.31323e-10, -6.98492e-10, 1, 1, 1, 1, 0.0666667, 1, 0, 0, 0, 0.0296704, -0.00194346, 0.0317871, 0.999052, 1, 1, 1, 0.133333, 1, 0, 0, 0, 0.075402, -0.00269217, 0.0809743, 0.993856, 1, 1, 1, 0.2, 1, 0, 0, 0, 0.0537392, 0.00426412, 0.090407, 0.994445, 1, 1, 1, 0.266667, 1, 0, 0, 0, -0.00223214, 0.00868435, 0.0855429, 0.996294, 1, 1, 1, 0.333333, 1, 0, 0, 0, -0.00164732, 0.00666072, 0.0622098, 0.99804, 1, 1, 1, 0.4, 1, 0, 0, 0, -0.000775749, 0.00319938, 0.0290668, 0.999572, 1, 1, 1, 0.466667, 1, 0, 0, 0, -0.000106444, 0.000444203, 0.0039678, 0.999992, 1, 1, 1, 0.5, 1, 0, 0, 0, -1.49012e-08, -9.31323e-10, -6.98492e-10, 1, 1, 1, 1 )
tracks/7/type = "transform"
tracks/7/path = NodePath("Armature/Skeleton:finger3.r")
tracks/7/interp = 1
tracks/7/loop_wrap = true
tracks/7/imported = false
tracks/7/enabled = true
tracks/7/keys = PoolRealArray( 0, 1, 0, 0, 0, -2.32831e-10, 1.16415e-10, 2.49602e-08, 1, 1, 1, 1, 0.5, 1, 0, 0, 0, -2.32831e-10, 1.16415e-10, 2.49602e-08, 1, 1, 1, 1 )
tracks/8/type = "transform"
tracks/8/path = NodePath("Armature/Skeleton:shield")
tracks/8/interp = 1
tracks/8/loop_wrap = true
tracks/8/imported = false
tracks/8/enabled = true
tracks/8/keys = PoolRealArray( 0, 1, 0, 0, 0, -7.45058e-09, -3.72529e-09, -4.65661e-10, 1, 1, 1, 1, 0.5, 1, 0, 0, 0, -7.45058e-09, -3.72529e-09, -4.65661e-10, 1, 1, 1, 1 )
tracks/9/type = "transform"
tracks/9/path = NodePath("Armature/Skeleton:finger2.r")
tracks/9/interp = 1
tracks/9/loop_wrap = true
tracks/9/imported = false
tracks/9/enabled = true
tracks/9/keys = PoolRealArray( 0, 1, 0, 0, 0, -2.98023e-08, -7.45058e-09, 3.72529e-09, 1, 1, 1, 1, 0.5, 1, 0, 0, 0, -2.98023e-08, -7.45058e-09, 3.72529e-09, 1, 1, 1, 1 )
tracks/10/type = "transform"
tracks/10/path = NodePath("Armature/Skeleton:finger1.r")
tracks/10/interp = 1
tracks/10/loop_wrap = true
tracks/10/imported = false
tracks/10/enabled = true
tracks/10/keys = PoolRealArray( 0, 1, 0, 0, 0, 1.86265e-09, -3.72529e-09, 1.55414e-08, 1, 1, 1, 1, 0.5, 1, 0, 0, 0, 1.86265e-09, -3.72529e-09, 1.55414e-08, 1, 1, 1, 1 )
tracks/11/type = "transform"
tracks/11/path = NodePath("Armature/Skeleton:thumb3.r")
tracks/11/interp = 1
tracks/11/loop_wrap = true
tracks/11/imported = false
tracks/11/enabled = true
tracks/11/keys = PoolRealArray( 0, 1, 0, 0, 0, -2.98023e-08, -1.49012e-08, -4.44089e-16, 1, 1, 1, 1, 0.5, 1, 0, 0, 0, -2.98023e-08, -1.49012e-08, -4.44089e-16, 1, 1, 1, 1 )
tracks/12/type = "transform"
tracks/12/path = NodePath("Armature/Skeleton:thumb2.r")
tracks/12/interp = 1
tracks/12/loop_wrap = true
tracks/12/imported = false
tracks/12/enabled = true
tracks/12/keys = PoolRealArray( 0, 1, 0, 0, 0, -1.49012e-08, -1.32349e-23, -7.45058e-09, 1, 1, 1, 1, 0.5, 1, 0, 0, 0, -1.49012e-08, -1.32349e-23, -7.45058e-09, 1, 1, 1, 1 )
tracks/13/type = "transform"
tracks/13/path = NodePath("Armature/Skeleton:thumb1.r")
tracks/13/interp = 1
tracks/13/loop_wrap = true
tracks/13/imported = false
tracks/13/enabled = true
tracks/13/keys = PoolRealArray( 0, 1, 0, 0, 0, 4.47035e-08, 1.49012e-08, 1.86265e-08, 1, 1, 1, 1, 0.5, 1, 0, 0, 0, 4.47035e-08, 1.49012e-08, 1.86265e-08, 1, 1, 1, 1 )
tracks/14/type = "transform"
tracks/14/path = NodePath("Armature/Skeleton:hand.r")
tracks/14/interp = 1
tracks/14/loop_wrap = true
tracks/14/imported = false
tracks/14/enabled = true
tracks/14/keys = PoolRealArray( 0, 1, 0, 0, 0, -4.33681e-19, -9.31323e-10, -1.39698e-09, 1, 1, 1, 1, 0.5, 1, 0, 0, 0, -4.33681e-19, -9.31323e-10, -1.39698e-09, 1, 1, 1, 1 )
tracks/15/type = "transform"
tracks/15/path = NodePath("Armature/Skeleton:arm3.r")
tracks/15/interp = 1
tracks/15/loop_wrap = true
tracks/15/imported = false
tracks/15/enabled = true
tracks/15/keys = PoolRealArray( 0, 1, 0, 0, 0, 1.86265e-09, -9.31323e-10, -1.12923e-08, 1, 1, 1, 1, 0.0666667, 1, 0, 0, 0, -0.00619781, -0.0606403, 0.158305, 0.985507, 1, 1, 1, 0.133333, 1, 0, 0, 0, 0.00116939, -0.154352, 0.396863, 0.904806, 1, 1, 1, 0.2, 1, 0, 0, 0, 0.0761781, -0.0291339, 0.415273, 0.906033, 1, 1, 1, 0.266667, 1, 0, 0, 0, 0.146162, 0.245144, 0.253893, 0.924164, 1, 1, 1, 0.333333, 1, 0, 0, 0, 0.112404, 0.186455, 0.124747, 0.968007, 1, 1, 1, 0.4, 1, 0, 0, 0, 0.0531362, 0.0876475, 0.0421211, 0.993841, 1, 1, 1, 0.466667, 1, 0, 0, 0, 0.00721927, 0.0118675, 0.00434093, 0.999894, 1, 1, 1, 0.5, 1, 0, 0, 0, 1.86265e-09, -9.31323e-10, -1.12923e-08, 1, 1, 1, 1 )
tracks/16/type = "transform"
tracks/16/path = NodePath("Armature/Skeleton:arm2.r")
tracks/16/interp = 1
tracks/16/loop_wrap = true
tracks/16/imported = false
tracks/16/enabled = true
tracks/16/keys = PoolRealArray( 0, 1, 0, 0, 0, -5.35511e-09, 7.10695e-17, -1.32713e-08, 1, 1, 1, 1, 0.0666667, 1, 0, 0, 0, 0.0796843, 0.050531, 0.0108109, 0.99548, 1, 1, 1, 0.133333, 1, 0, 0, 0, 0.202712, 0.128618, 0.0142344, 0.970651, 1, 1, 1, 0.2, 1, 0, 0, 0, 0.112424, 0.098478, -0.0477408, 0.987615, 1, 1, 1, 0.266667, 1, 0, 0, 0, -0.109491, 0.00507681, -0.108278, 0.98806, 1, 1, 1, 0.333333, 1, 0, 0, 0, -0.0822326, 0.0038129, -0.0813215, 0.993282, 1, 1, 1, 0.4, 1, 0, 0, 0, -0.0390189, 0.00180921, -0.0385865, 0.998492, 1, 1, 1, 0.466667, 1, 0, 0, 0, -0.00536637, 0.0002488, -0.00530693, 0.999972, 1, 1, 1, 0.5, 1, 0, 0, 0, -5.35511e-09, 7.10695e-17, -1.32713e-08, 1, 1, 1, 1 )
tracks/17/type = "transform"
tracks/17/path = NodePath("Armature/Skeleton:Arm1.r")
tracks/17/interp = 1
tracks/17/loop_wrap = true
tracks/17/imported = false
tracks/17/enabled = true
tracks/17/keys = PoolRealArray( 0, 1, 0, 0, 0, 3.35276e-08, -7.45057e-09, 1.17347e-07, 1, 1, 1, 1, 0.0666667, 1, 0, 0, 0, 0.00417316, 0.0955177, -0.0128856, 0.995336, 1, 1, 1, 0.133333, 1, 0, 0, 0, 0.0105682, 0.241846, -0.0326255, 0.969709, 1, 1, 1, 0.2, 1, 0, 0, 0, 0.00580971, 0.132894, -0.0179275, 0.990951, 1, 1, 1, 0.266667, 1, 0, 0, 0, -0.00543183, -0.124279, 0.0167655, 0.992091, 1, 1, 1, 0.333333, 1, 0, 0, 0, -0.00407646, -0.0932677, 0.012582, 0.995553, 1, 1, 1, 0.4, 1, 0, 0, 0, -0.00193392, -0.0442477, 0.00596919, 0.999001, 1, 1, 1, 0.466667, 1, 0, 0, 0, -0.000266146, -0.00608999, 0.000821667, 0.999981, 1, 1, 1, 0.5, 1, 0, 0, 0, 3.35276e-08, -7.45057e-09, 1.17347e-07, 1, 1, 1, 1 )
tracks/18/type = "transform"
tracks/18/path = NodePath("Armature/Skeleton:backpack")
tracks/18/interp = 1
tracks/18/loop_wrap = true
tracks/18/imported = false
tracks/18/enabled = true
tracks/18/keys = PoolRealArray( 0, 1, 0, 0, 0, -7.57306e-29, 5.32907e-15, 0, 1, 1, 1, 1, 0.5, 1, 0, 0, 0, -7.57306e-29, 5.32907e-15, 0, 1, 1, 1, 1 )
tracks/19/type = "transform"
tracks/19/path = NodePath("Armature/Skeleton:finger3.l")
tracks/19/interp = 1
tracks/19/loop_wrap = true
tracks/19/imported = false
tracks/19/enabled = true
tracks/19/keys = PoolRealArray( 0, 1, 0, 0, 0, 2.32831e-10, -3.37604e-09, -3.97576e-08, 1, 1, 1, 1, 0.5, 1, 0, 0, 0, 2.32831e-10, -3.37604e-09, -3.97576e-08, 1, 1, 1, 1 )
tracks/20/type = "transform"
tracks/20/path = NodePath("Armature/Skeleton:finger2.l")
tracks/20/interp = 1
tracks/20/loop_wrap = true
tracks/20/imported = false
tracks/20/enabled = true
tracks/20/keys = PoolRealArray( 0, 1, 0, 0, 0, 1.49012e-08, -2.22045e-16, -1.49012e-08, 1, 1, 1, 1, 0.5, 1, 0, 0, 0, 1.49012e-08, -2.22045e-16, -1.49012e-08, 1, 1, 1, 1 )
tracks/21/type = "transform"
tracks/21/path = NodePath("Armature/Skeleton:weapon")
tracks/21/interp = 1
tracks/21/loop_wrap = true
tracks/21/imported = false
tracks/21/enabled = true
tracks/21/keys = PoolRealArray( 0, 1, 0, 0, 0, 7.45059e-09, 7.45058e-08, -5.96046e-08, 1, 1, 1, 1, 0.5, 1, 0, 0, 0, 7.45059e-09, 7.45058e-08, -5.96046e-08, 1, 1, 1, 1 )
tracks/22/type = "transform"
tracks/22/path = NodePath("Armature/Skeleton:finger1.l")
tracks/22/interp = 1
tracks/22/loop_wrap = true
tracks/22/imported = false
tracks/22/enabled = true
tracks/22/keys = PoolRealArray( 0, 1, 0, 0, 0, 0, 2.38524e-18, -2.56114e-09, 1, 1, 1, 1, 0.5, 1, 0, 0, 0, 0, 2.38524e-18, -2.56114e-09, 1, 1, 1, 1 )
tracks/23/type = "transform"
tracks/23/path = NodePath("Armature/Skeleton:thumb3.l")
tracks/23/interp = 1
tracks/23/loop_wrap = true
tracks/23/imported = false
tracks/23/enabled = true
tracks/23/keys = PoolRealArray( 0, 1, 0, 0, 0, -1.49012e-08, 5.55111e-17, -3.72529e-09, 1, 1, 1, 1, 0.5, 1, 0, 0, 0, -1.49012e-08, 5.55111e-17, -3.72529e-09, 1, 1, 1, 1 )
tracks/24/type = "transform"
tracks/24/path = NodePath("Armature/Skeleton:thumb2.l")
tracks/24/interp = 1
tracks/24/loop_wrap = true
tracks/24/imported = false
tracks/24/enabled = true
tracks/24/keys = PoolRealArray( 0, 1, 0, 0, 0, 0, -1.11022e-16, 2.23517e-08, 1, 1, 1, 1, 0.5, 1, 0, 0, 0, 0, -1.11022e-16, 2.23517e-08, 1, 1, 1, 1 )
tracks/25/type = "transform"
tracks/25/path = NodePath("Armature/Skeleton:thumb1.l")
tracks/25/interp = 1
tracks/25/loop_wrap = true
tracks/25/imported = false
tracks/25/enabled = true
tracks/25/keys = PoolRealArray( 0, 1, 0, 0, 0, -2.98023e-08, 1.11759e-08, -1.49012e-08, 1, 1, 1, 1, 0.5, 1, 0, 0, 0, -2.98023e-08, 1.11759e-08, -1.49012e-08, 1, 1, 1, 1 )
tracks/26/type = "transform"
tracks/26/path = NodePath("Armature/Skeleton:hand.l")
tracks/26/interp = 1
tracks/26/loop_wrap = true
tracks/26/imported = false
tracks/26/enabled = true
tracks/26/keys = PoolRealArray( 0, 1, 0, 0, 0, -1.49012e-08, 1.86265e-09, -1.86265e-09, 1, 1, 1, 1, 0.0666667, 1, 0, 0, 0, -0.0384445, 0.01035, -0.00593054, 0.99919, 1, 1, 1, 0.2, 1, 0, 0, 0, -0.19611, 0.0527962, -0.0302524, 0.978692, 1, 1, 1, 0.266667, 1, 0, 0, 0, -0.215622, 0.0580492, -0.0332624, 0.974182, 1, 1, 1, 0.333333, 1, 0, 0, 0, -0.162556, 0.0437629, -0.0250763, 0.985409, 1, 1, 1, 0.4, 1, 0, 0, 0, -0.0773211, 0.0208162, -0.0119278, 0.996718, 1, 1, 1, 0.466667, 1, 0, 0, 0, -0.0106223, 0.00285972, -0.00163861, 0.999938, 1, 1, 1, 0.5, 1, 0, 0, 0, -1.49012e-08, 1.86265e-09, -1.86265e-09, 1, 1, 1, 1 )
tracks/27/type = "transform"
tracks/27/path = NodePath("Armature/Skeleton:arm3.l")
tracks/27/interp = 1
tracks/27/loop_wrap = true
tracks/27/imported = false
tracks/27/enabled = true
tracks/27/keys = PoolRealArray( 0, 1, 0, 0, 0, 3.72529e-09, -7.45058e-09, -1.90921e-08, 1, 1, 1, 1, 0.0666667, 1, 0, 0, 0, 0.0427368, -0.010676, -0.000579385, 0.999029, 1, 1, 1, 0.133333, 1, 0, 0, 0, 0.108669, -0.0271465, -0.00147323, 0.993706, 1, 1, 1, 0.2, 1, 0, 0, 0, 0.103095, -0.0253803, -0.00156037, 0.994346, 1, 1, 1, 0.266667, 1, 0, 0, 0, 0.0444743, -0.0104313, -0.00089846, 0.998956, 1, 1, 1, 0.333333, 1, 0, 0, 0, 0.0161943, -0.0037983, -0.000327209, 0.999862, 1, 1, 1, 0.4, 1, 0, 0, 0, 0.00349567, -0.000819911, -7.06597e-05, 0.999994, 1, 1, 1, 0.466667, 1, 0, 0, 0, 0.000129465, -3.03689e-05, -2.65383e-06, 1, 1, 1, 1, 0.5, 1, 0, 0, 0, 3.72529e-09, -7.45058e-09, -1.90921e-08, 1, 1, 1, 1 )
tracks/28/type = "transform"
tracks/28/path = NodePath("Armature/Skeleton:arm2.l")
tracks/28/interp = 1
tracks/28/loop_wrap = true
tracks/28/imported = false
tracks/28/enabled = true
tracks/28/keys = PoolRealArray( 0, 1, 0, 0, 0, -2.23517e-08, -1.86264e-09, -5.87897e-08, 1, 1, 1, 1, 0.0666667, 1, 0, 0, 0, 0.206077, -0.165655, 0.00572612, 0.964395, 1, 1, 1, 0.133333, 1, 0, 0, 0, 0.502695, -0.404092, 0.0139681, 0.764076, 1, 1, 1, 0.2, 1, 0, 0, 0, 0.402391, -0.31427, -0.041609, 0.858828, 1, 1, 1, 0.266667, 1, 0, 0, 0, 0.0196567, 0.00195069, -0.118435, 0.992765, 1, 1, 1, 0.333333, 1, 0, 0, 0, 0.00648335, 0.00292852, -0.0703185, 0.997499, 1, 1, 1, 0.4, 1, 0, 0, 0, 0.00120288, 0.00174733, -0.0295144, 0.999562, 1, 1, 1, 0.466667, 1, 0, 0, 0, 1.07289e-05, 0.000273338, -0.00378883, 0.999993, 1, 1, 1, 0.5, 1, 0, 0, 0, -2.23517e-08, -1.86264e-09, -5.87897e-08, 1, 1, 1, 1 )
tracks/29/type = "transform"
tracks/29/path = NodePath("Armature/Skeleton:Arm1.l")
tracks/29/interp = 1
tracks/29/loop_wrap = true
tracks/29/imported = false
tracks/29/enabled = true
tracks/29/keys = PoolRealArray( 0, 1, 0, 0, 0, -3.72529e-09, 4.65661e-10, 2.32831e-09, 1, 1, 1, 1, 0.0666667, 1, 0, 0, 0, 0.00413658, -0.148385, 0.0168336, 0.988778, 1, 1, 1, 0.133333, 1, 0, 0, 0, 0.018783, -0.372873, 0.0422998, 0.926727, 1, 1, 1, 0.2, 1, 0, 0, 0, 0.086611, -0.380748, 0.0194564, 0.920408, 1, 1, 1, 0.266667, 1, 0, 0, 0, 0.173061, -0.226131, -0.0312633, 0.95809, 1, 1, 1, 0.333333, 1, 0, 0, 0, 0.128926, -0.104707, -0.0232172, 0.985838, 1, 1, 1, 0.4, 1, 0, 0, 0, 0.0602411, -0.0333745, -0.0108305, 0.997567, 1, 1, 1, 0.466667, 1, 0, 0, 0, 0.00818908, -0.00323856, -0.00147085, 0.99996, 1, 1, 1, 0.5, 1, 0, 0, 0, -3.72529e-09, 4.65661e-10, 2.32831e-09, 1, 1, 1, 1 )
tracks/30/type = "transform"
tracks/30/path = NodePath("Armature/Skeleton:chest")
tracks/30/interp = 1
tracks/30/loop_wrap = true
tracks/30/imported = false
tracks/30/enabled = true
tracks/30/keys = PoolRealArray( 0, 1, 0, 0, 0, -1.86264e-09, 4.16334e-17, -3.83374e-16, 1, 1, 1, 1, 0.0666667, 1, 0, 0, 0, -0.0192961, 4.40641e-15, 3.91278e-16, 0.999814, 1, 1, 1, 0.133333, 1, 0, 0, 0, -0.0491075, -1.59519e-16, 1.83145e-15, 0.998794, 1, 1, 1, 0.2, 1, 0, 0, 0, -0.0334344, -4.95038e-10, -1.32788e-08, 0.999441, 1, 1, 1, 0.266667, 1, 0, 0, 0, 0.005871, 1.90179e-09, -5.45706e-10, 0.999983, 1, 1, 1, 0.333333, 1, 0, 0, 0, 0.00440455, -1.0102e-08, -5.82083e-10, 0.99999, 1, 1, 1, 0.4, 1, 0, 0, 0, 0.00209295, -1.24783e-09, -5.82078e-10, 0.999998, 1, 1, 1, 0.466667, 1, 0, 0, 0, 0.000288913, 4.91131e-10, -5.52973e-10, 1, 1, 1, 1, 0.5, 1, 0, 0, 0, -1.86264e-09, 4.16334e-17, -3.83374e-16, 1, 1, 1, 1 )
tracks/31/type = "transform"
tracks/31/path = NodePath("Armature/Skeleton:leg.r")
tracks/31/interp = 1
tracks/31/loop_wrap = true
tracks/31/imported = false
tracks/31/enabled = true
tracks/31/keys = PoolRealArray( 0, 1, 0, 0, 0, 1.20792e-13, 9.9476e-14, -2.98023e-08, 1, 1, 1, 1, 0.133333, 1, 0, 0, 0, 4.13531e-10, 2.6696e-11, -0.0088149, 0.999961, 1, 1, 1, 0.2, 1, 0, 0, 0, -1.55431e-09, 6.27377e-10, 0.00582453, 0.999983, 1, 1, 1, 0.266667, 1, 0, 0, 0, 1.19448e-09, 6.65246e-09, 0.0709767, 0.997478, 1, 1, 1, 0.4, 1, 0, 0, 0, -1.93697e-10, 7.68207e-11, 0.0181298, 0.999836, 1, 1, 1, 0.466667, 1, 0, 0, 0, -1.27952e-10, 7.21189e-11, 0.00212122, 0.999998, 1, 1, 1, 0.5, 1, 0, 0, 0, 1.20792e-13, 9.9476e-14, -2.98023e-08, 1, 1, 1, 1 )
tracks/32/type = "transform"
tracks/32/path = NodePath("Armature/Skeleton:thigh.r")
tracks/32/interp = 1
tracks/32/loop_wrap = true
tracks/32/imported = false
tracks/32/enabled = true
tracks/32/keys = PoolRealArray( 0, 1, 0, 0, 0, -2.23516e-08, 3.33139e-13, 3.8743e-07, 1, 1, 1, 1, 0.0666667, 1, 0, 0, 0, -2.10507e-08, -4.8627e-08, -0.0225686, 0.999745, 1, 1, 1, 0.133333, 1, 0, 0, 0, -1.47527e-09, -1.08559e-07, -0.0582685, 0.998301, 1, 1, 1, 0.2, 1, 0, 0, 0, -0.0164192, -0.0389627, -0.0186321, 0.998932, 1, 1, 1, 0.266667, 1, 0, 0, 0, -0.0419325, -0.108901, 0.0466156, 0.992073, 1, 1, 1, 0.333333, 1, 0, 0, 0, -0.0325983, -0.0817797, 0.0384958, 0.995373, 1, 1, 1, 0.4, 1, 0, 0, 0, -0.0161245, -0.0388943, 0.0204699, 0.998904, 1, 1, 1, 0.466667, 1, 0, 0, 0, -0.0022735, -0.00536864, 0.00302443, 0.999978, 1, 1, 1, 0.5, 1, 0, 0, 0, -2.23516e-08, 3.33139e-13, 3.8743e-07, 1, 1, 1, 1 )
tracks/33/type = "transform"
tracks/33/path = NodePath("Armature/Skeleton:leg.l")
tracks/33/interp = 1
tracks/33/loop_wrap = true
tracks/33/imported = false
tracks/33/enabled = true
tracks/33/keys = PoolRealArray( 0, 1, 0, 0, 0, 8.88178e-14, -2.84217e-14, -9.33595e-15, 1, 1, 1, 1, 0.0666667, 1, 0, 0, 0, -1.53103e-09, 7.74272e-12, -0.00659787, 0.999978, 1, 1, 1, 0.133333, 1, 0, 0, 0, -4.65443e-09, 2.15848e-11, -0.0200888, 0.999798, 1, 1, 1, 0.2, 1, 0, 0, 0, -1.68193e-08, 2.46936e-10, -0.0695766, 0.997577, 1, 1, 1, 0.266667, 1, 0, 0, 0, -3.68316e-08, 5.05659e-10, -0.154509, 0.987991, 1, 1, 1, 0.333333, 1, 0, 0, 0, -2.88925e-08, -3.55465e-09, -0.131913, 0.991261, 1, 1, 1, 0.4, 1, 0, 0, 0, -9.94015e-09, 9.46355e-10, -0.0437101, 0.999044, 1, 1, 1, 0.466667, 1, 0, 0, 0, -1.28502e-09, -1.14322e-12, -0.00540285, 0.999985, 1, 1, 1, 0.5, 1, 0, 0, 0, 8.88178e-14, -2.84217e-14, -9.33595e-15, 1, 1, 1, 1 )
tracks/34/type = "transform"
tracks/34/path = NodePath("Armature/Skeleton:thigh.l")
tracks/34/interp = 1
tracks/34/loop_wrap = true
tracks/34/imported = false
tracks/34/enabled = true
tracks/34/keys = PoolRealArray( 0, 1, 0, 0, 0, 1.49009e-08, 1.75676e-13, 3.20375e-07, 1, 1, 1, 1, 0.0666667, 1, 0, 0, 0, 3.30088e-08, -4.37336e-08, 0.0279867, 0.999608, 1, 1, 1, 0.133333, 1, 0, 0, 0, 1.72987e-08, 4.17684e-08, 0.0728065, 0.997346, 1, 1, 1, 0.2, 1, 0, 0, 0, -0.0106574, -0.0412903, 0.0696752, 0.996658, 1, 1, 1, 0.266667, 1, 0, 0, 0, -0.0346238, -0.114616, 0.0476168, 0.991664, 0.999999, 1, 1, 0.333333, 1, 0, 0, 0, -0.0250779, -0.086174, 0.0439445, 0.994995, 1, 1, 1, 0.4, 1, 0, 0, 0, -0.0101211, -0.0412894, 0.011201, 0.999033, 1, 1, 1, 0.466667, 1, 0, 0, 0, -0.00129154, -0.00570119, 0.0012277, 0.999982, 1, 1, 1, 0.5, 1, 0, 0, 0, 1.49009e-08, 1.75676e-13, 3.20375e-07, 1, 1, 1, 1 )
tracks/35/type = "transform"
tracks/35/path = NodePath("Armature/Skeleton:pelvis")
tracks/35/interp = 1
tracks/35/loop_wrap = true
tracks/35/imported = false
tracks/35/enabled = true
tracks/35/keys = PoolRealArray( 0, 1, 0, 0, 0, 0, -7.10543e-15, 0, 1, 1, 1, 1, 0.0666667, 1, 0, 0, 0, -0.0226522, -2.13008e-14, -9.26837e-16, 0.999743, 1, 1, 1, 0.133333, 1, 0, 0, 0, -0.0576327, -1.41105e-14, -2.14906e-15, 0.998338, 1, 1, 1, 0.2, 1, 0, 0, 0, -0.0233345, -0.0426405, 0.000882957, 0.998818, 1, 1, 1, 0.266667, 1, 0, 0, 0, 0.051793, -0.119189, 0.00246806, 0.991517, 1, 1, 1, 0.333333, 1, 0, 0, 0, 0.0389186, -0.0895613, 0.00185456, 0.995219, 1, 1, 1, 0.4, 1, 0, 0, 0, 0.0184979, -0.0425683, 0.000881471, 0.998922, 1, 1, 1, 0.466667, 1, 0, 0, 0, 0.00254934, -0.00586663, 0.000121482, 0.99998, 1, 1, 1, 0.5, 1, 0, 0, 0, 0, -7.10543e-15, 0, 1, 1, 1, 1 )
tracks/36/type = "transform"
tracks/36/path = NodePath("Armature/Skeleton:legpole.r")
tracks/36/interp = 1
tracks/36/loop_wrap = true
tracks/36/imported = false
tracks/36/enabled = true
tracks/36/keys = PoolRealArray( 0, 1, 0, 0, 0, 1.26218e-29, -1.77636e-15, 0, 1, 1, 1, 1, 0.5, 1, 0, 0, 0, 1.26218e-29, -1.77636e-15, 0, 1, 1, 1, 1 )
tracks/37/type = "transform"
tracks/37/path = NodePath("Armature/Skeleton:foot.r")
tracks/37/interp = 1
tracks/37/loop_wrap = true
tracks/37/imported = false
tracks/37/enabled = true
tracks/37/keys = PoolRealArray( 0, 1, 0, 0, 0, 1.38778e-17, -2.84217e-14, 5.73336e-17, 1, 1, 1, 1, 0.5, 1, 0, 0, 0, 1.38778e-17, -2.84217e-14, 5.73336e-17, 1, 1, 1, 1 )
tracks/38/type = "transform"
tracks/38/path = NodePath("Armature/Skeleton:legtarg.r")
tracks/38/interp = 1
tracks/38/loop_wrap = true
tracks/38/imported = false
tracks/38/enabled = true
tracks/38/keys = PoolRealArray( 0, 1, 0, 0, 0, 0, 0, 0, 1, 1, 1, 1, 0.5, 1, 0, 0, 0, 0, 0, 0, 1, 1, 1, 1 )
tracks/39/type = "transform"
tracks/39/path = NodePath("Armature/Skeleton:legpole.l")
tracks/39/interp = 1
tracks/39/loop_wrap = true
tracks/39/imported = false
tracks/39/enabled = true
tracks/39/keys = PoolRealArray( 0, 1, 0, 0, 0, 1.26218e-29, 1.77636e-15, 0, 1, 1, 1, 1, 0.5, 1, 0, 0, 0, 1.26218e-29, 1.77636e-15, 0, 1, 1, 1, 1 )
tracks/40/type = "transform"
tracks/40/path = NodePath("Armature/Skeleton:foot.l")
tracks/40/interp = 1
tracks/40/loop_wrap = true
tracks/40/imported = false
tracks/40/enabled = true
tracks/40/keys = PoolRealArray( 0, 1, 0, 0, 0, 1.38778e-17, 2.84217e-14, -5.73336e-17, 1, 1, 1, 1, 0.2, 1, -2.38419e-07, -5.96046e-08, 1.42109e-14, 2.77556e-17, 2.84217e-14, -5.73336e-17, 1, 1, 1, 1, 0.266667, 1, 0.00202391, 0.000748515, -5.1856e-06, 1.38778e-17, 2.84217e-14, -5.73336e-17, 1, 1, 1, 1, 0.333333, 1, -8.9407e-08, 3.55271e-15, 1.42109e-14, 1.65436e-24, 2.84217e-14, -5.82077e-11, 1, 1, 1, 1, 0.5, 1, 0, 0, 0, 1.38778e-17, 2.84217e-14, -5.73336e-17, 1, 1, 1, 1 )
tracks/41/type = "transform"
tracks/41/path = NodePath("Armature/Skeleton:legtarg.l")
tracks/41/interp = 1
tracks/41/loop_wrap = true
tracks/41/imported = false
tracks/41/enabled = true
tracks/41/keys = PoolRealArray( 0, 1, 0, 0, 0, 0, 0, 0, 1, 1, 1, 1, 0.5, 1, 0, 0, 0, 0, 0, 0, 1, 1, 1, 1 )

[sub_resource type="Animation" id=3]
resource_name = "attack_sword"
length = 0.5
tracks/0/type = "transform"
tracks/0/path = NodePath("Armature/Skeleton:eyebrow.r")
tracks/0/interp = 1
tracks/0/loop_wrap = true
tracks/0/imported = false
tracks/0/enabled = true
tracks/0/keys = PoolRealArray( 0, 1, 1.49012e-08, 1.49012e-08, -1.49012e-08, 4.65661e-08, -2.98023e-08, 1.03377e-07, 1, 1, 1, 1, 0.5, 1, 1.49012e-08, 1.49012e-08, -1.49012e-08, 4.65661e-08, -2.98023e-08, 1.03377e-07, 1, 1, 1, 1 )
tracks/1/type = "transform"
tracks/1/path = NodePath("Armature/Skeleton:eyebrow.l")
tracks/1/interp = 1
tracks/1/loop_wrap = true
tracks/1/imported = false
tracks/1/enabled = true
tracks/1/keys = PoolRealArray( 0, 1, 0, -1.04308e-07, 7.45058e-09, 1.49012e-08, 2.98023e-08, 7.45058e-08, 1, 1, 1, 1, 0.5, 1, 0, -1.04308e-07, 7.45058e-09, 1.49012e-08, 2.98023e-08, 7.45058e-08, 1, 1, 1, 1 )
tracks/2/type = "transform"
tracks/2/path = NodePath("Armature/Skeleton:Bone.019")
tracks/2/interp = 1
tracks/2/loop_wrap = true
tracks/2/imported = false
tracks/2/enabled = true
tracks/2/keys = PoolRealArray( 0, 1, 9.31323e-10, -3.72529e-09, 0, 3.72529e-09, 3.27973e-10, -1.04045e-09, 1, 1, 1, 1, 0.5, 1, 9.31323e-10, -3.72529e-09, 0, 3.72529e-09, 3.27973e-10, -1.04045e-09, 1, 1, 1, 1 )
tracks/3/type = "transform"
tracks/3/path = NodePath("Armature/Skeleton:head")
tracks/3/interp = 1
tracks/3/loop_wrap = true
tracks/3/imported = false
tracks/3/enabled = true
tracks/3/keys = PoolRealArray( 0, 1, 0, 0, 0, -1.86265e-09, 9.31323e-10, -5.52973e-10, 1, 1, 1, 1, 0.0666667, 1, 0, 0, 0, 0.0257137, 0.0105002, 0.000875754, 0.999614, 1, 1, 1, 0.133333, 1, 0, 0, 0, 0.0654111, 0.0328165, 0.00205882, 0.997317, 1, 1, 1, 0.2, 1, 0, 0, 0, 0.0453501, 0.0531021, -0.000260894, 0.997559, 1, 1, 1, 0.266667, 1, 0, 0, 0, -0.00543062, 0.0581158, -0.00422792, 0.998286, 1, 1, 1, 0.333333, 1, 0, 0, 0, -0.00409015, 0.0435935, -0.00316953, 0.999036, 1, 1, 1, 0.4, 1, 0, 0, 0, -0.00194832, 0.0207224, -0.00150619, 0.999782, 1, 1, 1, 0.466667, 1, 0, 0, 0, -0.000269328, 0.002861, -0.000207911, 0.999996, 1, 1, 1, 0.5, 1, 0, 0, 0, -1.86265e-09, 9.31323e-10, -5.52973e-10, 1, 1, 1, 1 )
tracks/4/type = "transform"
tracks/4/path = NodePath("Armature/Skeleton:neck")
tracks/4/interp = 1
tracks/4/loop_wrap = true
tracks/4/imported = false
tracks/4/enabled = true
tracks/4/keys = PoolRealArray( 0, 1, 0, 0, 0, -0.0605174, 0.0120095, -0.000418906, 0.998095, 1, 1, 1, 0.5, 1, 0, 0, 0, -0.0605174, 0.0120095, -0.000418906, 0.998095, 1, 1, 1 )
tracks/5/type = "transform"
tracks/5/path = NodePath("Armature/Skeleton:shoulder")
tracks/5/interp = 1
tracks/5/loop_wrap = true
tracks/5/imported = false
tracks/5/enabled = true
tracks/5/keys = PoolRealArray( 0, 1, 0, 0, 0, -1.49012e-08, -9.31323e-10, -4.65661e-10, 1, 1, 1, 1, 0.0666667, 1, 0, 0, 0, 0.0296704, -0.00194346, 0.0317871, 0.999052, 1, 1, 1, 0.133333, 1, 0, 0, 0, 0.075402, -0.00269218, 0.0809744, 0.993856, 1, 1, 1, 0.2, 1, 0, 0, 0, 0.0537392, 0.00426412, 0.090407, 0.994445, 1, 1, 1, 0.266667, 1, 0, 0, 0, -0.00223218, 0.00868435, 0.0855429, 0.996294, 1, 1, 1, 0.333333, 1, 0, 0, 0, -0.00164733, 0.0066607, 0.0622098, 0.99804, 1, 1, 1, 0.4, 1, 0, 0, 0, -0.000775764, 0.00319939, 0.0290668, 0.999572, 1, 1, 1, 0.466667, 1, 0, 0, 0, -0.000106422, 0.000444202, 0.0039678, 0.999992, 1, 1, 1, 0.5, 1, 0, 0, 0, -1.49012e-08, -9.31323e-10, -4.65661e-10, 1, 1, 1, 1 )
tracks/6/type = "transform"
tracks/6/path = NodePath("Armature/Skeleton:finger3.r")
tracks/6/interp = 1
tracks/6/loop_wrap = true
tracks/6/imported = false
tracks/6/enabled = true
tracks/6/keys = PoolRealArray( 0, 1, 0, 0, 0, -2.32831e-10, 1.16415e-10, 2.49602e-08, 1, 1, 1, 1, 0.5, 1, 0, 0, 0, -2.32831e-10, 1.16415e-10, 2.49602e-08, 1, 1, 1, 1 )
tracks/7/type = "transform"
tracks/7/path = NodePath("Armature/Skeleton:shield")
tracks/7/interp = 1
tracks/7/loop_wrap = true
tracks/7/imported = false
tracks/7/enabled = true
tracks/7/keys = PoolRealArray( 0, 1, 0, 0, 0, -7.45058e-09, -3.72529e-09, -4.65661e-10, 1, 1, 1, 1, 0.5, 1, 0, 0, 0, -7.45058e-09, -3.72529e-09, -4.65661e-10, 1, 1, 1, 1 )
tracks/8/type = "transform"
tracks/8/path = NodePath("Armature/Skeleton:finger2.r")
tracks/8/interp = 1
tracks/8/loop_wrap = true
tracks/8/imported = false
tracks/8/enabled = true
tracks/8/keys = PoolRealArray( 0, 1, 0, 0, 0, -2.98023e-08, -7.45058e-09, 3.72529e-09, 1, 1, 1, 1, 0.5, 1, 0, 0, 0, -2.98023e-08, -7.45058e-09, 3.72529e-09, 1, 1, 1, 1 )
tracks/9/type = "transform"
tracks/9/path = NodePath("Armature/Skeleton:finger1.r")
tracks/9/interp = 1
tracks/9/loop_wrap = true
tracks/9/imported = false
tracks/9/enabled = true
tracks/9/keys = PoolRealArray( 0, 1, 0, 0, 0, 1.86265e-09, -3.72529e-09, 1.55414e-08, 1, 1, 1, 1, 0.133333, 1, 0, 0, 0, 0.142768, 0.0966897, -0.00876724, 0.984983, 1, 1, 1, 0.2, 1, 0, 0, 0, 0.0640328, 0.0433662, -0.00393216, 0.996997, 1, 1, 1, 0.266667, 1, 0, 0, 0, -1.86265e-09, -2.90566e-17, 1.55997e-08, 1, 1, 1, 1, 0.5, 1, 0, 0, 0, 1.86265e-09, -3.72529e-09, 1.55414e-08, 1, 1, 1, 1 )
tracks/10/type = "transform"
tracks/10/path = NodePath("Armature/Skeleton:thumb3.r")
tracks/10/interp = 1
tracks/10/loop_wrap = true
tracks/10/imported = false
tracks/10/enabled = true
tracks/10/keys = PoolRealArray( 0, 1, 0, 0, 0, -2.98023e-08, -1.49012e-08, -4.44089e-16, 1, 1, 1, 1, 0.5, 1, 0, 0, 0, -2.98023e-08, -1.49012e-08, -4.44089e-16, 1, 1, 1, 1 )
tracks/11/type = "transform"
tracks/11/path = NodePath("Armature/Skeleton:thumb2.r")
tracks/11/interp = 1
tracks/11/loop_wrap = true
tracks/11/imported = false
tracks/11/enabled = true
tracks/11/keys = PoolRealArray( 0, 1, 0, 0, 0, -1.49012e-08, -1.32349e-23, -7.45058e-09, 1, 1, 1, 1, 0.5, 1, 0, 0, 0, -1.49012e-08, -1.32349e-23, -7.45058e-09, 1, 1, 1, 1 )
tracks/12/type = "transform"
tracks/12/path = NodePath("Armature/Skeleton:thumb1.r")
tracks/12/interp = 1
tracks/12/loop_wrap = true
tracks/12/imported = false
tracks/12/enabled = true
tracks/12/keys = PoolRealArray( 0, 1, 0, 0, 0, 4.47035e-08, 1.49012e-08, 1.86265e-08, 1, 1, 1, 1, 0.5, 1, 0, 0, 0, 4.47035e-08, 1.49012e-08, 1.86265e-08, 1, 1, 1, 1 )
tracks/13/type = "transform"
tracks/13/path = NodePath("Armature/Skeleton:hand.r")
tracks/13/interp = 1
tracks/13/loop_wrap = true
tracks/13/imported = false
tracks/13/enabled = true
tracks/13/keys = PoolRealArray( 0, 1, 0, 0, 0, -4.33681e-19, -9.31323e-10, -1.39698e-09, 1, 1, 1, 1, 0.5, 1, 0, 0, 0, -4.33681e-19, -9.31323e-10, -1.39698e-09, 1, 1, 1, 1 )
tracks/14/type = "transform"
tracks/14/path = NodePath("Armature/Skeleton:arm3.r")
tracks/14/interp = 1
tracks/14/loop_wrap = true
tracks/14/imported = false
tracks/14/enabled = true
tracks/14/keys = PoolRealArray( 0, 1, 0, 0, 0, 1.86265e-09, -9.31323e-10, -1.12923e-08, 1, 1, 1, 1, 0.0666667, 1, 0, 0, 0, 0.178041, -0.0151428, -0.00812159, 0.983873, 1, 1, 1, 0.133333, 1, 0, 0, 0, 0.379437, -0.0322721, -0.0173086, 0.924493, 1, 1, 1, 0.2, 1, 0, 0, 0, 0.341286, -0.0290272, -0.0155682, 0.939382, 1, 1, 1, 0.266667, 1, 0, 0, 0, 0.221753, -0.0188606, -0.0101156, 0.974868, 1, 1, 1, 0.333333, 1, 0, 0, 0, 0.0853215, -0.00725678, -0.00389207, 0.99632, 1, 1, 1, 0.4, 1, 0, 0, 0, 0.00405286, -0.000344706, -0.000184884, 0.999992, 1, 1, 1, 0.466667, 1, 0, 0, 0, 1.86265e-09, 9.31323e-10, 4.86034e-08, 1, 1, 1, 1, 0.5, 1, 0, 0, 0, 1.86265e-09, -9.31323e-10, -1.12923e-08, 1, 1, 1, 1 )
tracks/15/type = "transform"
tracks/15/path = NodePath("Armature/Skeleton:arm2.r")
tracks/15/interp = 1
tracks/15/loop_wrap = true
tracks/15/imported = false
tracks/15/enabled = true
tracks/15/keys = PoolRealArray( 0, 1, 0, 0, 0, -5.35511e-09, 7.10695e-17, -1.32713e-08, 1, 1, 1, 1, 0.133333, 1, 0, 0, 0, 0.090236, 0.0249185, -0.00584778, 0.995591, 1, 1, 1, 0.2, 1, 0, 0, 0, 0.0806152, 0.0222618, -0.00522423, 0.996483, 1, 1, 1, 0.333333, 1, 0, 0, 0, 0.0200509, 0.00553699, -0.00129957, 0.999783, 1, 1, 1, 0.4, 1, 0, 0, 0, 0.000963777, 0.000266127, -6.24309e-05, 1, 1, 1, 1, 0.466667, 1, 0, 0, 0, 2.09548e-09, -7.45058e-09, -1.33005e-08, 1, 1, 1, 1, 0.5, 1, 0, 0, 0, -5.35511e-09, 7.10695e-17, -1.32713e-08, 1, 1, 1, 1 )
tracks/16/type = "transform"
tracks/16/path = NodePath("Armature/Skeleton:Arm1.r")
tracks/16/interp = 1
tracks/16/loop_wrap = true
tracks/16/imported = false
tracks/16/enabled = true
tracks/16/keys = PoolRealArray( 0, 1, 0, 0, 0, 3.35276e-08, -7.45057e-09, 1.17347e-07, 1, 1, 1, 1, 0.5, 1, 0, 0, 0, 3.35276e-08, -7.45057e-09, 1.17347e-07, 1, 1, 1, 1 )
tracks/17/type = "transform"
tracks/17/path = NodePath("Armature/Skeleton:backpack")
tracks/17/interp = 1
tracks/17/loop_wrap = true
tracks/17/imported = false
tracks/17/enabled = true
