[gd_scene load_steps=2 format=2]

[ext_resource path="res://assets/glb/bosses/boss1.glb" type="PackedScene" id=1]

[node name="boss1" instance=ExtResource( 1 )]

[node name="Armature" parent="." index="0"]
transform = Transform( -4.37114e-08, 0, 1, 0, 1, 0, -1, 0, -4.37114e-08, 0, 1.3, 0 )

[node name="Claw" type="BoneAttachment" parent="Armature/Skeleton" index="1"]
transform = Transform( -0.0507182, 0.347456, -0.936324, -0.969116, 0.209426, 0.130209, 0.241332, 0.914011, 0.326104, 2.0106, -0.238971, 0.625797 )
bone_name = "garra2"

[node name="RightFoot" type="BoneAttachment" parent="Armature/Skeleton" index="2"]
transform = Transform( 0.100403, 0.126089, -0.986994, -0.99373, 0.0618019, -0.0931735, 0.0492452, 0.990094, 0.131502, -0.478335, -2.05968, 0.117932 )
bone_name = "perna2.r.001"

[node name="RayCast" type="RayCast" parent="Armature/Skeleton/RightFoot" index="0"]
transform = Transform( 1, 0, 0, 0, 1, 0, 0, 0, 0.999996, 0, -7.45058e-09, 0 )
enabled = true
cast_to = Vector3( 0.3, 0, 0 )

[node name="LeftFoot" type="BoneAttachment" parent="Armature/Skeleton" index="3"]
transform = Transform( 0.116058, -0.124151, 0.985525, 0.89642, -0.414184, -0.157734, 0.427743, 0.90169, 0.0632328, 0.47833, -2.01729, -0.816838 )
bone_name = "perna2.l.001"

[node name="RayCast" type="RayCast" parent="Armature/Skeleton/LeftFoot" index="0"]
transform = Transform( 1, 0, 0, 0, 1, 0, 0, 0, 0.999996, 0, -7.45058e-09, 0 )
enabled = true
cast_to = Vector3( -0.3, 0, 0 )
